# ninja log v6
9	802	1730250441234712427	CMakeFiles/2589.dir/src/Three_week/15686.cpp.o	2a4d5c9223cbacb8
478	507	1730436119994292678	16234	22fd36225eef9945
449	477	1729840136455437961	1436	9caa7d6b0093646f
3	480	1730111342257408017	CMakeFiles/17298.dir/src/Three_theory/2400.cpp.o	ab0e6f1134888352
3	478	1730436119518763184	CMakeFiles/16234.dir/src/Three_week/16234.cpp.o	445fadf878e69d06
4	575	1730704339021589932	CMakeFiles/1987.dir/src/Three_week/1987.cpp.o	6017fa70aa4562e8
485	522	1729131321508481733	1992	67cd9f1a5bd1d90d
521	551	1730450471812808224	4179	d3aa8bb7096493dd
3	467	1730542329944065387	CMakeFiles/14497.dir/src/Three_week/14497.cpp.o	910c85f52dc24b40
6	608	1730876364509919160	CMakeFiles/14620.dir/src/Three_week/14620.cpp.o	38ebc4b6324ceea5
12	721	1730431027931486783	CMakeFiles/16234.dir/src/Three_week/2589.cpp.o	9f73e522384a0f9c
2	43	1727826737010172727	10808	8090758a60da19e
466	499	1730519777456931796	16637	24a01af370abbf09
292	339	1727947099233254215	9996	b72ba16dcee122a7
3	467	1730111391400406093	CMakeFiles/2400.dir/src/Three_theory/2400.cpp.o	fe02b57641ffbcb3
3	513	1730256833793688557	CMakeFiles/2589.dir/src/Three_week/2589.cpp.o	4314734a1f87129f
474	502	1727569918992326048	a	2f7fed0f199cbfe4
314	1890	1728619914796876028	1620re	9a5f8c522a812c9b
3	38	1728018721812736780	9375	9bfe005b152a5873
512	548	1730106346594374991	1325	56367e0b068a3dd3
3	526	1730527723499356006	CMakeFiles/13913.dir/src/Three_week/13913.cpp.o	d1f5c2a803b4f6cf
4	536	1730190294367291901	CMakeFiles/15686.dir/src/Three_week/15686.cpp.o	84d46304eecea58c
513	544	1730256834303368786	2589	5784dad2fecef1bc
1	45	1731053067581166733	build.ninja	b25fa2527f16827b
477	507	1729681212872709133	3474	1af18eec492b8aa1
529	562	1729145640474287974	2910	482c34f6b1611c2f
523	554	1730524081684795142	12851	6698a6de2351dda1
556	588	1729844647380240286	4949	77ffe7a18fe59cbd
262	299	1728628388407452726	4375	84c31e40aaf7b8b2
298	336	1727835980952024874	11655	adceec61cb766b84
10	548	1730440992561641350	CMakeFiles/16234.dir/src/Three_week/4179.cpp.o	515cc0e475c48e4d
2	84	1728893771141399699	adj	3046f435c1605f73
292	320	1727758997976358436	guhynn	b0b81a801e00d45f
684	805	1729080908675261001	2583	f9095c63f62324e7
478	534	1729837381796363489	2852	d5bc74a48225b48a
536	570	1730190294899812293	15686	536178e329b545a9
3	523	1730524081165629127	CMakeFiles/12851.dir/src/Three_week/12851.cpp.o	43850d3db8a9721a
3	511	1730106346085381306	CMakeFiles/1325.dir/src/two_week/1325.cpp.o	76aa1a5d757fa20a
526	557	1730527724022142929	13913	f1eee401ecc499a5
3	644	1730875467603284791	CMakeFiles/14620.dir/src/Three_week/15684.cpp.o	1f416040cdbb1419
486	518	1730083941828953390	2636	2db3d0d269a0d976
7	466	1730519776998079829	CMakeFiles/16637.dir/src/Three_week/16637.cpp.o	bd3a38e35a65c19c
3	520	1730450471295633073	CMakeFiles/4179.dir/src/Three_week/4179.cpp.o	2dbddb202cfee3f2
3	479	1730708272747068175	CMakeFiles/2529.dir/src/Three_week/2529.cpp.o	6574a92b6b50be87
3	33	1728033919673561941	1940	fa00c3ce2f6ac407
4	519	1730540393781105201	CMakeFiles/14497.dir/src/Three_week/17071re.cpp.o	f636d93eedb00944
499	528	1730532993173272957	17071	bdb74dd5e0864b94
433	466	1727569918951346531	main	873eaafc480aafad
466	503	1729136814164452057	2828	311a72ee45c6a582
697	735	1730025040119183268	14502	71254a67b661f2a
3	489	1730884556985537584	CMakeFiles/1189.dir/src/Three_week/1189.cpp.o	7ac6bc880411ee09
518	548	1729672501077960097	2870	282d8d31cf0757ff
3	538	1730689932466024163	CMakeFiles/3197.dir/src/Three_week/3197.cpp.o	91f3d1c112e75e1f
467	498	1730111391865015064	2400	87865b05bddf04b2
260	297	1728620031255339735	1629	74377e0c9d86e0d2
3	499	1730532992676814059	CMakeFiles/17071.dir/src/Three_week/17071.cpp.o	789046ff280bf155
2	41	1727955898126268029	2559	529be7852bedb82
480	510	1730708273223512457	2529	48449ab56497297b
272	302	1727761684738806902	2309	2a15b9a360c2b2f6
467	500	1730542330407683638	14497	4ae9049ada4632dc
538	570	1730689933000766950	3197	3102975a5a87d5da
6	546	1730110883259783352	CMakeFiles/17298.dir/src/two_week/17298.cpp.o	a1f2c166ef0a18fa
3	653	1730875467603134288	CMakeFiles/14620.dir/src/Three_week/9934.cpp.o	43f1e9fdfbc489cf
575	612	1730704339593025811	1987	4f7797b54586e431
474	505	1729048545177239292	1012	51e1191a1ced2cc4
663	708	1730089491037299240	1068	f17115f90dd0ff90
489	520	1730884557471233646	1189	378ff485bd883707
477	518	1729844476642301265	9012	150aebb762edef06
609	645	1730876365112105711	14620	b7f17f2f517f775d
